2 3 5 16 25 27 
2 3 5 16 25 32 
2 3 5 16 27 32 
2 3 5 25 27 32 
2 3 8 16 25 27 
2 3 8 16 25 32 
2 3 8 16 27 32 
2 3 8 25 27 32 
2 3 9 16 25 27 
2 3 9 16 25 32 
2 3 9 16 27 32 
2 3 9 25 27 32 
2 3 16 25 27 32 
2 4 5 16 25 27 
2 4 5 16 25 32 
2 4 5 16 27 32 
2 4 5 25 27 32 
2 4 8 16 25 27 
2 4 8 25 27 32 
2 4 9 16 25 27 
2 4 9 16 25 32 
2 4 9 16 27 32 
2 4 9 25 27 32 
2 4 16 25 27 32 
2 5 8 16 25 27 
2 5 8 16 25 32 
2 5 8 16 27 32 
2 5 8 25 27 32 
2 5 9 16 25 27 
2 5 9 16 25 32 
2 5 9 16 27 32 
2 5 9 25 27 32 
2 5 16 25 27 32 
2 8 9 16 25 27 
2 8 9 16 25 32 
2 8 9 16 27 32 
2 8 9 25 27 32 
2 8 16 25 27 32 
2 9 16 25 27 32 
3 4 8 16 25 27 
3 4 8 16 25 32 
3 4 8 16 27 32 
3 4 8 25 27 32 
3 4 9 16 25 27 
3 4 9 16 25 32 
3 4 9 16 27 32 
3 4 9 25 27 32 
3 4 16 25 27 32 
3 5 8 16 25 27 
3 5 8 16 25 32 
3 5 8 16 27 32 
3 5 8 25 27 32 
3 5 9 16 25 32 
3 5 9 16 27 32 
3 5 16 25 27 32 
3 8 9 16 25 27 
3 8 9 16 25 32 
3 8 9 16 27 32 
3 8 9 25 27 32 
3 8 16 25 27 32 
3 9 16 25 27 32 
4 5 8 16 25 27 
4 5 8 16 25 32 
4 5 8 16 27 32 
4 5 8 25 27 32 
4 5 9 16 25 27 
4 5 9 16 25 32 
4 5 9 16 27 32 
4 5 9 25 27 32 
4 5 16 25 27 32 
4 8 9 16 25 27 
4 8 9 16 25 32 
4 8 9 16 27 32 
4 8 9 25 27 32 
4 8 16 25 27 32 
4 9 16 25 27 32 
5 8 9 16 25 27 
5 8 9 16 25 32 
5 8 9 16 27 32 
5 8 9 25 27 32 
5 8 16 25 27 32 
5 9 16 25 27 32 
8 9 16 25 27 32 
